58482 39823 
99190 66654 
52453 21258 
6999 3028 
28207 97163 
60902 36271 
31565 99507 
56406 62602 
42003 47377 
88235 12852 
43721 28693 
75174 90803 
33919 19874 
13032 87685 
75214 95585 
13893 92513 
59917 71282 
60135 19772 
99980 32574 
30620 25832 
13745 41864 
17981 56343 
45869 66753 
34299 7517 
48505 15227 
43272 25715 
70578 40693 
70912 36280 
68910 11382 
62418 83922 
93627 1461 
15470 14162 
71251 45428 
84621 63606 
46909 13580 
19160 82055 
1890 70436 
23062 91331 
83914 80603 
94965 57653 
47924 52485 
49204 89376 
91247 41203 
70698 59515 
30263 40522 
26071 24438 
11599 55574 
90278 70426 
70071 13784 
56219 99055 
36170 33370 
69183 97879 
48503 81699 
10020 94391 
51610 21989 
54071 74518 
99831 1844 
86882 16894 
72850 96401 
97722 38304 
60973 62469 
2892 85044 
23391 38633 
47583 51550 
98542 73186 
73702 76971 
83433 91754 
39717 48666 
7972 72137 
51036 85368 
79664 28419 
40245 17892 
22006 6698 
64422 46322 
22896 50740 
47524 63435 
88293 2088 
66820 42961 
78911 67186 
54703 38656 
87051 2486 
8385 51983 
29196 4865 
33694 48534 
1723 51227 
25682 40234 
53632 73560 
85731 47300 
24550 35661 
36854 48992 
45374 42080 
3098 95360 
93234 93049 
57621 47568 
40995 14805 
26377 95397 
43362 79513 
26882 35423 
88744 79619 
58590 5806 
15059 35995 
79866 45904 
88285 16425 
60949 39288 
65946 9185 
41956 77002 
78190 19993 
7666 88483 
77416 83419 
17968 80278 
83071 95797 
65440 48209 
50984 50926 
954 54590 
58129 16979 
84826 89957 
45885 5008 
81863 31439 
47868 36826 
96672 31525 
3718 49992 
10468 20663 
43093 2146 
82206 12312 
85436 67826 
98540 6983 
76583 33144 
92843 62409 
16688 15033 
80896 25585 
14235 2199 
19845 7841 
45295 11451 
53742 97322 
74194 73135 
33751 84592 
32447 99144 
61676 99465 
93287 21281 
660 93060 
77409 38947 
23867 5158 
87983 5312 
12603 25135 
27247 90207 
37766 83419 
40058 62225 
76179 42341 
79229 55650 
99874 55718 
80753 62667 
44109 54235 
85561 23204 
24302 15844 
38935 71896 
60839 81033 
4204 47313 
9842 34487 
12651 62833 
31525 91432 
4376 30850 
21985 60289 
60418 55366 
57080 38677 
47385 71400 
8952 68806 
3726 18963 
79288 28491 
55303 5281 
4414 42477 
6843 18603 
78411 73068 
32848 82336 
11172 62015 
20270 19985 
46558 84345 
85247 27081 
7140 51942 
84646 13657 
1544 96532 
74170 17009 
69444 63503 
765 58859 
39308 28101 
76477 76226 
84306 72360 
74246 18656 
78484 78994 
43809 76116 
34950 67298 
51598 36354 
7032 43684 
86745 21141 
30021 17743 
27004 17488 
65143 62664 
40529 80162 
78681 60612 
24914 53879 
3675 22731 
15791 13355 
66492 67832 
55019 87897 
73783 92189 
25620 95762 
524 18435 
12221 22570 
89833 28815 
44345 5644 
54229 34240 
17718 37389 
9306 14868 
67700 73022 
28908 49546 
46305 29531 
82714 21187 
52018 12032 
44912 74274 
61888 35611 
93254 20530 
26908 9437 
32777 42567 
66768 34026 
53220 70108 
98260 54897 
26251 66075 
77290 95509 
42755 26300 
96567 8457 
3313 42885 
65342 3386 
61854 1327 
49178 41126 
12452 14505 
51863 55370 
80919 5078 
71182 6329 
52658 52785 
13755 57961 
3581 56177 
59869 39944 
6041 8647 
26698 57772 
89640 88452 
684 46375 
34556 74616 
73660 23897 
70010 93845 
71481 56863 
71753 31506 
80389 35722 
57725 48203 
61725 92235 
50171 18566 
9939 21226 
69769 37072 
5289 58453 
24660 27974 
30059 78421 
56988 16368 
9386 41309 
56928 47399 
88337 64348 
39041 54807 
20230 47730 
598 62784 
91550 26878 
8364 98646 
51133 86230 
87320 92617 
9898 40464 
61434 32447 
63691 66557 
65487 25148 
75073 11734 
65331 10628 
66434 74574 
84529 5271 
53999 33895 
85418 61243 
32594 39648 
58941 28472 
33335 29132 
80152 25884 
50019 11198 
1756 32191 
38773 92992 
51302 19200 
5719 56355 
72479 14350 
33088 74225 
76770 87108 
49706 71326 
1317 40908 
65356 25501 
4966 59012 
2355 48559 
26611 69309 
88834 51734 
35798 4256 
33058 20039 
22139 25867 
60103 64670 
39552 24089 
71938 53611 
63768 7200 
56956 6731 
69851 43380 
75478 71378 
79054 42793 
24922 82851 
33226 88437 
60637 25986 
86444 29172 
68979 42560 
58488 86405 
35151 97494 
18795 47506 
82486 2126 
9436 32301 
17727 79354 
76077 12565 
27689 5223 
79188 78424 
61849 46540 
54304 26002 
72110 55101 
6315 7508 
29539 51997 
72667 23968 
4864 59312 
23444 99057 
44925 13998 
15134 66615 
39317 5491 
48654 97215 
18338 95187 
61651 91762 
53371 65963 
47296 99924 
62311 93747 
2513 39372 
12924 34127 
54683 11076 
86713 55749 
77301 2246 
32412 5832 
19901 17414 
53761 22451 
52616 20479 
43831 45618 
61962 51669 
70272 63450 
83294 12858 
518 19513 
75762 99340 
9397 54568 
34643 5339 
71960 30557 
60912 65864 
947 81532 
76525 26761 
29466 31982 
94279 41770 
20397 39722 
79999 89869 
882 87215 
49540 54994 
38349 92980 
10977 25778 
61341 93558 
37697 100 
75638 45105 
60090 1570 
10422 68778 
52285 39590 
13286 67945 
94936 98702 
92400 94852 
9190 1792 
23768 23893 
32597 38406 
73880 85518 
60241 70490 
31803 65123 
18449 54749 
20758 79046 
75038 88032 
79198 79569 
72156 24326 
35626 603 
24694 29537 
56454 70669 
73418 985 
67024 50830 
3502 15851 
47763 32475 
19486 55502 
44958 74418 
76004 66097 
58785 78061 
14114 46144 
75651 79853 
86078 82213 
25058 51404 
48843 81034 
56392 37908 
83088 19837 
50630 31086 
27735 86093 
2672 10898 
4724 43441 
21524 27293 
62351 12008 
97592 75297 
22097 59963 
60816 20438 
4615 95294 
68345 12942 
68918 38997 
54389 95526 
43515 44467 
99107 5817 
45949 36318 
90362 59567 
23314 97455 
75042 8530 
77034 25333 
40719 94945 
98876 35800 
55963 66493 
59468 91099 
74718 83424 
76341 34364 
92460 8398 
69592 80117 
82316 55268 
5345 3428 
36977 47565 
21043 64648 
56887 42580 
44528 86306 
85051 14483 
50566 475 
11639 13930 
34009 36548 
97721 6187 
1033 83991 
9086 67505 
58688 30013 
94736 78193 
53434 68426 
41978 30441 
9745 9634 
43460 33558 
55877 98751 
36048 50017 
60036 31274 
8207 80537 
73755 61574 
94528 86396 
88473 46637 
27270 30382 
93724 52754 
97285 23916 
74427 56582 
32889 17531 
97455 93238 
84276 99290 
67647 68273 
77138 69270 
44966 87111 
32697 33627 
2755 49676 
69042 97416 
94109 52828 
49599 49275 
66225 94937 
16792 91724 
42714 70320 
81350 96470 
37243 52026 
43899 23983 
22316 85086 
69452 85081 
8286 95828 
9005 45713 
81005 74756 
86919 9317 
44001 11532 
84312 14371 
14881 73632 
519 51916 
78901 16844 
93314 53287 
50453 6101 
56054 77906 
67188 58174 
4810 67443 
47203 74663 
59641 31180 
95555 17807 
97546 84973 
59051 8538 
54029 61380 
64017 83661 
31253 7535 
94617 91734 
2476 94866 
78520 93385 
46360 74148 
63299 48805 
78472 66628 
73433 33046 
87610 43273 
80521 13875 
23373 55350 
32322 84679 
51517 77356 
10165 9165 
71936 32474 
36809 87188 
956 40752 
55323 27778 
58531 37041 
63535 28501 
77869 17223 
2135 30436 
86768 7152 
22239 29253 
19198 76278 
71859 73800 
41052 10652 
45486 62304 
64410 2932 
53472 17217 
90387 70125 
25818 70660 
25859 11658 
69977 81992 
42432 60270 
3821 88083 
56342 65235 
15045 48023 
66243 78107 
50201 24335 
88268 60701 
45044 73928 
36858 92865 
64668 22333 
98261 20775 
46846 11578 
20283 89792 
44859 49410 
26940 88352 
38537 68748 
533 56940 
46567 77192 
49736 26254 
97634 43136 
10132 98535 
84733 73785 
91862 12676 
28960 889 
31740 21801 
45151 58050 
90082 13673 
35909 32668 
46763 78104 
95294 54865 
35037 80376 
12478 91378 
62073 89487 
70033 13623 
42453 78170 
4576 8068 
11320 65402 
58877 10343 
43314 11533 
34859 94941 
51765 85496 
49868 83828 
76820 65952 
36232 41611 
11415 63608 
19415 88470 
62680 36756 
40524 72030 
95837 54748 
18207 37765 
65682 22876 
41397 17095 
12322 58456 
96877 67868 
68914 55453 
96841 93242 
77690 23699 
44823 74487 
39169 96750 
99388 40812 
90964 94980 
81020 21 
88418 25529 
44680 43796 
56951 89333 
3460 18806 
79123 77495 
67603 18989 
73607 10884 
81506 69725 
37035 53144 
62607 37106 
82590 92476 
18964 24750 
49435 77368 
8435 43041 
46965 35808 
92991 3313 
20591 40330 
19332 28697 
63707 61632 
2677 82765 
15116 8017 
61808 85435 
96409 29090 
6608 54317 
37617 62561 
59951 88875 
92470 2714 
1142 46718 
38264 67586 
44674 67343 
35503 99537 
73973 85390 
89939 8589 
9718 59695 
15451 23073 
88677 18638 
76049 18220 
47263 75411 
84015 12854 
60459 70801 
63288 18493 
15423 47368 
36821 85006 
85170 36490 
65418 41712 
96414 3579 
58964 68282 
35697 32977 
43682 88420 
31697 6811 
89581 78714 
58889 22718 
23094 97357 
48565 33466 
55642 8260 
63526 57228 
91796 88945 
83314 69165 
36623 32222 
68315 82583 
23878 60645 
24538 52839 
74043 35455 
13864 88989 
79120 54548 
1705 81857 
12293 47921 
28245 88321 
56590 88536 
74180 56789 
13264 8177 
2454 39811 
889 4030 
6684 23069 
69721 53997 
79654 56072 
35424 37446 
71978 67320 
25462 48612 
33453 91640 
80593 71041 
75314 61733 
77622 64489 
53917 33690 
69519 50449 
95554 28870 
83045 40224 
34798 18393 
2746 62731 
25201 54174 
35270 1343 
58343 93474 
26701 32567 
7970 35251 
5113 27054 
79222 9027 
81496 85774 
65152 57644 
38356 83207 
26164 91661 
56139 39803 
37569 56563 
5932 31222 
73635 16435 
10861 30395 
64069 59091 
97451 27097 
3505 46888 
62174 57052 
54582 16218 
18680 10464 
4405 41860 
60475 97249 
30952 37464 
43348 23981 
21838 88447 
15736 52507 
47351 39134 
2873 44661 
10217 39220 
75525 79505 
35181 72672 
81083 63646 
23097 41343 
77706 89049 
80731 34131 
10376 35134 
11902 54367 
29964 92188 
83548 24846 
68713 6049 
42241 65940 
24104 87445 
58071 87885 
74721 94659 
14611 78337 
70005 55794 
55836 18729 
26378 1906 
88979 66699 
3716 67473 
7395 8000 
62461 39341 
35303 71447 
58913 53604 
28306 20659 
40712 70695 
95391 60431 
34736 34413 
49333 85314 
56631 81988 
59926 57085 
94386 53026 
92261 66578 
11949 91353 
23666 76750 
52480 62505 
2340 89415 
36522 14544 
98050 40497 
22444 25180 
4253 33865 
52516 28641 
31837 92149 
31396 17350 
49734 54595 
78223 57530 
40870 5805 
28208 62180 
38942 40894 
73431 70232 
44235 6543 
80561 25125 
35089 1354 
89539 83851 
86915 73936 
16514 29770 
64529 32854 
11026 8533 
39342 11209 
10392 79974 
54236 86834 
74462 56875 
30359 61781 
71844 16734 
26523 17267 
88477 35058 
86962 13232 
33613 46185 
66686 22063 
64412 60898 
69023 56409 
68695 42320 
17954 75388 
88260 33862 
42055 70736 
97888 59407 
51021 80533 
4184 96922 
66940 99064 
49248 92210 
92558 52820 
22770 25835 
21819 84213 
13478 10872 
72671 33785 
22570 86938 
57770 34575 
28415 35155 
60965 75361 
88337 17337 
74908 70861 
44080 36806 
95852 71534 
19343 9035 
94729 31931 
1337 50885 
33676 91845 
95243 99624 
49593 21636 
13201 80951 
48009 65611 
67393 28214 
73240 2391 
22510 59447 
74444 78983 
20906 47216 
11552 965 
90780 21262 
28621 24227 
23673 1507 
66868 66497 
8034 60890 
89770 17195 
2426 48747 
21568 41342 
5155 3210 
26990 4971 
75124 71674 
82332 3572 
88344 84575 
23501 30612 
88293 11217 
4008 67259 
12088 13 
53764 62295 
51242 42213 
5263 91374 
15409 25879 
22171 62216 
62006 80315 
23590 64553 
98958 14869 
54276 83100 
4023 80971 
18923 96843 
37649 4497 
5787 80714 
28150 77792 
39368 65780 
44823 36389 
82981 64494 
48885 52341 
87375 83783 
93369 19902 
42099 3041 
66448 87545 
925 44105 
70759 22364 
87262 47393 
56286 14316 
16440 54720 
69004 87535 
90186 32527 
71696 14975 
75507 62740 
95823 81243 
3460 63499 
13134 5847 
71047 71056 
63853 52980 
84038 9530 
72190 31467 
14809 30593 
23938 80866 
98640 40448 
52799 71809 
36825 6838 
90911 42238 
49326 14502 
73831 66612 
77502 51102 
51570 86834 
77590 58836 
96426 56336 
1100 7596 
94179 7293 
62088 60215 
64308 83604 
70607 56726 
43186 10700 
26638 16924 
29835 71918 
95551 35057 
9852 26658 
67995 75090 
58832 47906 
67644 45334 
82933 65008 
37358 3948 
69692 33187 
1138 74528 
28173 20413 
69357 34140 
58629 58904 
63187 45227 
10829 98142 
43692 16153 
79416 53656 
15745 96758 
63544 6398 
45382 54265 
19678 2125 
41571 56161 
86828 96887 
37280 19927 
52345 36181 
12524 60207 
11392 88215 
64106 81166 
79333 80731 
61209 67653 
30982 2300 
38207 72571 
27961 29922 
29297 32617 
37416 23383 
5921 91838 
51205 91098 
79749 87139 
21099 5100 
74976 34329 
16884 13832 
22351 98014 
76145 51312 
13394 36463 
4809 65026 
88500 79591 
88912 58953 
98393 16486 
11427 62768 
23428 685 
6142 80689 
20322 47109 
4186 77676 
77910 72863 
59974 12115 
33794 81238 
93601 89282 
18446 34065 
2354 81036 
5241 31716 
41828 89360 
46233 19350 
12577 45195 
76496 76190 
84969 6183 
66957 82374 
43951 21744 
37084 38962 
71344 13063 
72844 44666 
60977 90032 
9434 75474 
15317 6374 
84319 3146 
85400 83535 
87475 99570 
82442 64810 
52316 68566 
69355 53604 
20503 25127 
49215 39977 
32961 61913 
43631 72760 
73251 13641 
45244 81520 
50648 85111 
66880 67558 
93213 82641 
96803 52217 
55732 67280 
50871 38012 
75092 40187 
58384 72594 
32272 43593 
19683 29113 
53538 77573 
